22
8 9 10 11 13 14 18 19
0 1 2 3 4 5 6 7 8 9 + - .
(0 0 1)
(0 1 2)
(0 2 2)
(0 3 2)
(0 4 2)
(0 5 2)
(0 6 2)
(0 7 2)
(0 8 2)
(0 9 2)
(0 + 3)
(0 - 3)
(1 . 4)
(4 0 8)
(4 1 9)
(4 2 9)
(4 3 9)
(4 4 9)
(4 5 9)
(4 6 9)
(4 7 9)
(4 8 9)
(4 9 9)
(8 0 16)
(8 1 9)
(8 2 9)
(8 3 9)
(8 4 9)
(8 5 9)
(8 6 9)
(8 7 9)
(8 8 9)
(8 9 9)
(9 0 16)
(9 1 9)
(9 2 9)
(9 3 9)
(9 4 9)
(9 5 9)
(9 6 9)
(9 7 9)
(9 8 9)
(9 9 9)
(16 1 9)
(16 2 9)
(16 3 9)
(16 4 9)
(16 5 9)
(16 6 9)
(16 7 9)
(16 8 9)
(16 9 9)
(2 0 2)
(2 1 2)
(2 2 2)
(2 3 2)
(2 4 2)
(2 5 2)
(2 6 2)
(2 7 2)
(2 8 2)
(2 9 2)
(2 . 2)
(2 . 5)
(5 0 10)
(5 1 11)
(5 2 11)
(5 3 11)
(5 4 11)
(5 5 11)
(5 6 11)
(5 7 11)
(5 8 11)
(5 9 11)
(10 0 17)
(10 1 11)
(10 2 11)
(10 3 11)
(10 4 11)
(10 5 11)
(10 6 11)
(10 7 11)
(10 8 11)
(10 9 11)
(11 1 11)
(11 2 11)
(11 3 11)
(11 4 11)
(11 5 11)
(11 6 11)
(11 7 11)
(11 8 11)
(11 9 11)
(11 0 17)
(17 1 11)
(17 2 11)
(17 3 11)
(17 4 11)
(17 5 11)
(17 6 11)
(17 7 11)
(17 8 11)
(17 9 11)
(3 0 6)
(6 . 12)
(12 1 19)
(12 2 19)
(12 3 19)
(12 4 19)
(12 5 19)
(12 6 19)
(12 7 19)
(12 8 19)
(12 9 19)
(12 0 18)
(18 0 21)
(18 1 19)
(18 2 19)
(18 3 19)
(18 4 19)
(18 5 19)
(18 6 19)
(18 7 19)
(18 8 19)
(18 9 19)
(19 1 19)
(19 2 19)
(19 3 19)
(19 4 19)
(19 5 19)
(19 6 19)
(19 7 19)
(19 8 19)
(19 9 19)
(19 0 21)
(21 1 19)
(21 2 19)
(21 3 19)
(21 4 19)
(21 5 19)
(21 6 19)
(21 7 19)
(21 8 19)
(21 9 19)
(3 1 7)
(3 2 7)
(3 3 7)
(3 4 7)
(3 5 7)
(3 6 7)
(3 7 7)
(3 8 7)
(3 9 7)
(7 0 7)
(7 1 7)
(7 2 7)
(7 3 7)
(7 4 7)
(7 5 7)
(7 6 7)
(7 7 7)
(7 8 7)
(7 9 7)
(7 . 15)
(15 0 13)
(15 1 14)
(15 2 14)
(15 3 14)
(15 4 14)
(15 5 14)
(15 6 14)
(15 7 14)
(15 8 14)
(15 9 14)
(13 1 14)
(13 2 14)
(13 3 14)
(13 4 14)
(13 5 14)
(13 6 14)
(13 7 14)
(13 8 14)
(13 9 14)
(13 0 20)
(14 0 20)
(14 1 14)
(14 2 14)
(14 3 14)
(14 4 14)
(14 5 14)
(14 6 14)
(14 7 14)
(14 8 14)
(14 9 14)
(20 1 14)
(20 2 14)
(20 3 14)
(20 4 14)
(20 5 14)
(20 6 14)
(20 7 14)
(20 8 14)
(20 9 14)
(16 0 16)
(17 0 17)
(21 0 21)
(20 0 20)
+1.23
-.123
123.
-0.0
01234.5
+789
.
56.30
+120.0001
123000.0