22
4 5 6 7 8 9 16 17 18 19 20 21
0 1 2
(0 0 1)
(0 1 2)
(0 2 3)
(1 0 1)
(2 1 2)
(3 2 3)
(1 1 4)
(1 2 5)
(2 0 6)
(2 2 7)
(3 0 8)
(3 1 9)
(4 2 16)
(5 1 17)
(6 2 18)
(7 0 19)
(8 1 20)
(9 0 21)
(4 0 10)
(4 1 10)
(5 0 11)
(5 2 11)
(6 0 12)
(6 1 12)
(7 1 13)
(7 2 13)
(8 0 14)
(8 2 14)
(9 1 15)
(9 2 15)
(10 0 10)
(10 1 10)
(11 0 11)
(11 2 11)
(12 0 12)
(12 1 12)
(13 1 13)
(13 2 13)
(14 0 14)
(14 2 14)
(15 1 15)
(15 2 15)
(10 2 16)
(11 1 17)
(12 2 18)
(13 0 19)
(14 1 20)
(15 0 21)
0
01
012
22
2102
0221
01012
120120
110221210
0202321